tRNA	GFP2	GFP3	NE1	NE2	NE3
Homo_sapiens_tRNA-Ala-AGC-1-1	416.8482386	388.2377961	266.8722752	244.3320453	269.3751267
Homo_sapiens_tRNA-Ala-AGC-10-1	111.2447753	112.1026333	31.41467926	37.69967106	37.45596999
Homo_sapiens_tRNA-Ala-AGC-11-1	1242.105457	1109.898498	1326.12646	1133.853398	1056.463592
Homo_sapiens_tRNA-Ala-AGC-12-1	68.02554078	54.40274849	26.83972597	24.81497335	37.45596999
Homo_sapiens_tRNA-Ala-AGC-13-1	64.44524916	37.91706713	35.07464189	39.13130414	32.83811068
Homo_sapiens_tRNA-Ala-AGC-14-1	8.694993934	9.067124749	6.709931492	4.294899235	7.696432191
Homo_sapiens_tRNA-Ala-AGC-15-1	633.9673518	507.7589859	1250.487233	1088.51835	1096.485039
Homo_sapiens_tRNA-Ala-AGC-2-1	19.43586879	17.72210746	17.07982561	14.79354181	26.68096493
Homo_sapiens_tRNA-Ala-AGC-24-1	28.89806807	12.77640306	10.06489724	10.49864257	4.617859314
Homo_sapiens_tRNA-Ala-AGC-3-1	1333.914364	1104.540651	1026.314521	970.647227	971.2897425
Homo_sapiens_tRNA-Ala-AGC-4-1	7095.882255	6250.133946	8017.758139	6427.55531	6423.955402
Homo_sapiens_tRNA-Ala-AGC-5-1	197.6832444	170.2146601	106.7489101	165.115015	109.8024326
Homo_sapiens_tRNA-Ala-AGC-6-1	306.8821388	265.831612	153.4134336	156.0480055	167.7822218
Homo_sapiens_tRNA-Ala-AGC-7-1	20.20307414	20.6071017	10.9798879	17.65680796	19.49762822
Homo_sapiens_tRNA-Ala-AGC-8-1	4957.425218	4390.136947	4876.900207	3975.167847	3846.163713
Homo_sapiens_tRNA-Ala-AGC-9-1	1.278675579	1.648568136	0.914990658	0.477211026	2.565477397
Homo_sapiens_tRNA-Ala-CGC-1-1	3327.36959	2965.774077	3502.584239	2880.445753	2886.675167
Homo_sapiens_tRNA-Ala-CGC-2-1	2280.390027	2059.473744	1934.595248	1646.855251	1674.743645
Homo_sapiens_tRNA-Ala-CGC-3-1	1247.475894	1105.777077	1115.068615	937.2424552	986.6826068
Homo_sapiens_tRNA-Ala-CGC-4-1	448.0479227	485.5033161	457.495329	491.5273568	452.5502128
Homo_sapiens_tRNA-Ala-TGC-1-1	896.6073157	776.4755921	678.3130744	695.296465	611.0967159
Homo_sapiens_tRNA-Ala-TGC-2-1	1152.086696	998.6201485	786.2819721	806.486634	810.6908574
Homo_sapiens_tRNA-Ala-TGC-3-1	12654.02926	11089.91785	12601.86133	10472.87318	10313.73223
Homo_sapiens_tRNA-Ala-TGC-4-1	4365.909895	3944.611408	3705.407168	3244.080555	3430.556375
Homo_sapiens_tRNA-Ala-TGC-5-1	1249.77751	1055.907891	882.9659849	808.8726892	923.0587674
Homo_sapiens_tRNA-Ala-TGC-6-1	537.8109483	440.1676924	530.6945816	404.1977391	397.6489965
Homo_sapiens_tRNA-Ala-TGC-7-1	0	0	0	0	0
Homo_sapiens_tRNA-Ala-AGC-16-1	0.255735116	0	0.304996886	0.477211026	0
Homo_sapiens_tRNA-Arg-ACG-1-1	1911.10852	1865.354846	2163.037915	1838.694083	1911.280661
Homo_sapiens_tRNA-Arg-ACG-2-1	1434.929734	1355.123008	1334.666373	1311.853111	1263.24107
Homo_sapiens_tRNA-Arg-CCG-1-1	9817.926827	9031.268392	7906.129278	7824.351983	7644.609547
Homo_sapiens_tRNA-Arg-CCG-2-1	11859.97173	12204.34991	12223.97019	11878.73686	11847.37462
Homo_sapiens_tRNA-Arg-CCT-1-1	2399.562591	2453.481529	1741.837216	1751.841677	1731.184147
Homo_sapiens_tRNA-Arg-CCT-2-1	2649.671534	2997.096872	2088.923672	2164.152003	2086.246219
Homo_sapiens_tRNA-Arg-CCT-3-1	2243.0527	2169.103525	1855.296057	1790.49577	1875.877073
Homo_sapiens_tRNA-Arg-CCT-4-1	9164.012136	9581.890149	8358.134663	7752.293118	7723.626251
Homo_sapiens_tRNA-Arg-CCT-5-1	0	0.412142034	0.304996886	0	0
Homo_sapiens_tRNA-Arg-TCG-1-1	3272.898011	2871.805693	2430.215188	1930.3186	1971.825927
Homo_sapiens_tRNA-Arg-TCG-2-1	81.83523703	74.18556613	75.94422461	77.30818622	55.41431177
Homo_sapiens_tRNA-Arg-TCG-3-1	4879.426008	4248.772229	2882.525569	2725.35217	2647.059578
Homo_sapiens_tRNA-Arg-TCG-4-1	7.672053471	4.945704408	2.134978202	2.38605513	3.078572876
Homo_sapiens_tRNA-Arg-TCG-5-1	193.0800124	180.5182109	175.0682126	148.8898401	154.9548348
Homo_sapiens_tRNA-Arg-TCT-1-1	18028.81419	17476.88295	10406.49375	9124.752029	9120.785241
Homo_sapiens_tRNA-Arg-TCT-2-1	2062.503708	1936.655418	1712.557515	1731.798814	1753.247253
Homo_sapiens_tRNA-Arg-TCT-3-1	3547.81326	3154.947271	2523.239238	2618.4569	2525.969045
Homo_sapiens_tRNA-Arg-TCT-4-1	6.393377893	6.594272545	6.09993772	7.635376417	8.20952767
Homo_sapiens_tRNA-Arg-TCT-5-1	5.37043743	4.945704408	1.829981316	0.954422052	0
Homo_sapiens_tRNA-Asn-GTT-1-1	328.3638886	329.3014852	307.741858	399.9028398	397.135901
Homo_sapiens_tRNA-Asn-GTT-10-1	9.973669512	10.30355085	1.219987544	2.863266156	3.078572876
Homo_sapiens_tRNA-Asn-GTT-11-1	0	0	0.304996886	0.477211026	0
Homo_sapiens_tRNA-Asn-GTT-12-1	8.95072905	6.182130511	2.744971974	3.817688208	4.617859314
Homo_sapiens_tRNA-Asn-GTT-2-1	284.1217135	354.4421493	202.8229292	271.0558628	269.8882221
Homo_sapiens_tRNA-Asn-GTT-24-1	40.6618834	45.33562374	78.68919658	123.5976557	87.73932697
Homo_sapiens_tRNA-Asn-GTT-25-1	4.347496967	4.12142034	0	1.431633078	1.026190959
Homo_sapiens_tRNA-Asn-GTT-3-1	1204.000925	1145.342713	972.6350694	906.2237385	878.4194607
Homo_sapiens_tRNA-Asn-GTT-4-1	0.511470231	4.12142034	0.914990658	5.249321287	0.513095479
Homo_sapiens_tRNA-Asn-GTT-5-1	0.511470231	0	0	0	0
Homo_sapiens_tRNA-Asn-GTT-6-1	73.65171332	54.81489053	10.67489101	8.112587443	16.41905534
Homo_sapiens_tRNA-Asn-GTT-7-1	25.82924669	28.02565831	9.454903465	28.63266156	25.65477397
Homo_sapiens_tRNA-Asn-GTT-9-1	0.255735116	0.824284068	1.52498443	0.477211026	0.513095479
Homo_sapiens_tRNA-Asn-GTT-26-1	0.511470231	0	0	0.954422052	0.513095479
Homo_sapiens_tRNA-Asn-GTT-27-1	0.511470231	0	0	0	0
Homo_sapiens_tRNA-Asp-GTC-1-1	8977.836972	11343.79734	10408.93372	11301.78873	10784.75388
Homo_sapiens_tRNA-Asp-GTC-2-1	129026.0379	153699.7166	137238.8388	160541.4245	154403.7702
Homo_sapiens_tRNA-Asp-GTC-3-1	38.61600247	44.92348171	20.12979447	44.38062542	29.7595378
Homo_sapiens_tRNA-Cys-GCA-12-1	0.767205347	2.472852204	0.304996886	0	0
Homo_sapiens_tRNA-Cys-GCA-13-1	16.36704741	17.72210746	8.234915922	7.158165391	8.20952767
Homo_sapiens_tRNA-Cys-GCA-14-1	2.045880926	2.472852204	0.914990658	0.954422052	2.565477397
Homo_sapiens_tRNA-Cys-GCA-17-1	4.091761851	3.297136272	0.914990658	0.477211026	1.539286438
Homo_sapiens_tRNA-Cys-GCA-19-1	1.278675579	0	0.304996886	0.477211026	0.513095479
Homo_sapiens_tRNA-Cys-GCA-2-1	163.6704741	152.4925526	174.4582188	165.592226	158.5465031
Homo_sapiens_tRNA-Cys-GCA-4-1	19.43586879	19.3706756	22.87476645	23.8605513	12.3142915
Homo_sapiens_tRNA-Cys-GCA-5-1	3.324556504	2.06071017	2.744971974	0.477211026	3.591668356
Homo_sapiens_tRNA-Cys-GCA-7-1	0.511470231	0	0	0.477211026	1.539286438
Homo_sapiens_tRNA-Cys-GCA-8-1	3.068821388	1.236426102	1.52498443	0	1.539286438
Homo_sapiens_tRNA-Cys-GCA-9-1	4.858967198	2.884994238	4.269956404	1.908844104	3.591668356
Homo_sapiens_tRNA-Cys-GCA-1-1	0.511470231	0.824284068	2.134978202	0	2.565477397
Homo_sapiens_tRNA-Cys-GCA-20-1	0.255735116	0	0	0	0
Homo_sapiens_tRNA-Cys-GCA-18-1	0.255735116	1.236426102	1.829981316	0	0
Homo_sapiens_tRNA-Cys-GCA-21-1	0.255735116	0.824284068	0	0	0
Homo_sapiens_tRNA-Cys-GCA-6-1	0.511470231	0	3.964959518	0.954422052	0.513095479
Homo_sapiens_tRNA-Cys-GCA-16-1	0.255735116	0	0	0	0
Homo_sapiens_tRNA-Gln-CTG-1-1	5602.133445	5456.760531	5327.685604	5136.699484	4990.366632
Homo_sapiens_tRNA-Gln-CTG-2-1	1958.675251	1746.245798	1858.95602	1958.951262	1958.485445
Homo_sapiens_tRNA-Gln-CTG-3-1	210.4700002	207.3074431	118.0337949	130.7558211	125.7083924
Homo_sapiens_tRNA-Gln-CTG-4-1	158.5557717	166.5053818	94.24403777	107.8496919	118.0119603
Homo_sapiens_tRNA-Gln-CTG-5-1	17.38998787	17.30996543	14.02985676	12.40748668	15.90595986
Homo_sapiens_tRNA-Gln-CTG-6-1	69.81568659	114.1633434	84.17914053	145.5493629	147.2584026
Homo_sapiens_tRNA-Gln-TTG-1-1	1447.972225	1407.465046	1388.345825	1366.255168	1184.737462
Homo_sapiens_tRNA-Gln-TTG-2-1	652.124545	640.0565789	579.1890865	592.6960944	558.2478816
Homo_sapiens_tRNA-Gln-TTG-3-1	1098.126587	1355.123008	1160.208154	1472.673226	1215.010095
Homo_sapiens_tRNA-Gln-CTG-7-1	0	0	0	0	0
Homo_sapiens_tRNA-Gln-TTG-4-1	2.301616041	0	0.304996886	0.477211026	0
Homo_sapiens_tRNA-Glu-CTC-1-1	162728.0901	182384.39	179119.7912	198316.4949	207768.7787
Homo_sapiens_tRNA-Glu-CTC-2-1	146.7919564	246.8730784	184.8281129	225.2436043	219.0917697
Homo_sapiens_tRNA-Glu-TTC-1-1	13624.54402	15563.71963	16467.69686	17642.96884	17943.9751
Homo_sapiens_tRNA-Glu-TTC-14-1	2.301616041	3.709278306	0.609993772	1.431633078	1.026190959
Homo_sapiens_tRNA-Glu-TTC-2-1	19995.67296	21361.32162	23053.79962	23555.13625	24694.25923
Homo_sapiens_tRNA-Glu-TTC-3-1	51.40275826	49.45704408	49.10449864	62.99185544	68.24169876
Homo_sapiens_tRNA-Glu-TTC-4-1	10285.92209	10402.0528	9642.781547	11416.79659	11755.01743
Homo_sapiens_tRNA-Gly-CCC-1-1	477.457461	519.7111049	266.8722752	337.8654064	311.9620515
Homo_sapiens_tRNA-Gly-CCC-2-1	29198.55684	27379.00746	30567.7029	24989.63259	23778.8969
Homo_sapiens_tRNA-Gly-GCC-1-1	51602.48738	46881.98066	52924.88964	53902.41703	53903.24559
Homo_sapiens_tRNA-Gly-GCC-2-1	43779.55019	42943.96352	46637.07384	41894.83319	42824.48799
Homo_sapiens_tRNA-Gly-GCC-3-1	48.8454071	56.05131663	25.92473531	41.04014824	34.37739712
Homo_sapiens_tRNA-Gly-GCC-4-1	0.511470231	1.236426102	0	0	0
Homo_sapiens_tRNA-Gly-TCC-1-1	11540.30283	11263.84179	13181.35542	10690.95862	10589.2645
Homo_sapiens_tRNA-Gly-TCC-2-1	32761.7142	30285.43309	33611.57183	30213.66169	29591.24249
Homo_sapiens_tRNA-Gly-TCC-3-1	8341.568004	7908.593491	8965.383463	7414.904923	7323.411777
Homo_sapiens_tRNA-Gly-TCC-4-1	2.301616041	3.709278306	4.879950176	7.635376417	7.183336711
Homo_sapiens_tRNA-Gly-CCC-3-1	0.767205347	0.824284068	1.52498443	0	0
Homo_sapiens_tRNA-Gly-GCC-5-1	0	0.412142034	0	0	0
Homo_sapiens_tRNA-His-GTG-1-1	22302.65944	23238.21645	21057.9	20097.74236	21085.14563
Homo_sapiens_tRNA-Ile-AAT-1-1	0	0.824284068	0.304996886	0.477211026	1.539286438
Homo_sapiens_tRNA-Ile-AAT-12-1	25.06204134	28.84994238	9.149906579	10.02143155	12.82738698
Homo_sapiens_tRNA-Ile-AAT-2-1	400.7369263	302.512253	515.4447373	356.9538475	369.4287451
Homo_sapiens_tRNA-Ile-AAT-3-1	35.8029162	18.54639153	17.07982561	19.08844104	19.49762822
Homo_sapiens_tRNA-Ile-AAT-4-1	159.067242	125.7033204	152.8034399	138.3911976	126.2214879
Homo_sapiens_tRNA-Ile-AAT-5-1	2906.173855	2537.558504	3186.302468	2424.232012	2482.355929
Homo_sapiens_tRNA-Ile-AAT-6-1	111.7562456	71.71271392	96.07401908	95.44220521	76.96432191
Homo_sapiens_tRNA-Ile-AAT-7-1	2241.518289	1930.061145	2621.143238	1972.313171	1971.312832
Homo_sapiens_tRNA-Ile-AAT-8-1	919.6234761	610.3823524	820.1366264	644.2348852	792.2194202
Homo_sapiens_tRNA-Ile-TAT-1-1	13.0424909	7.418556613	11.89487855	14.79354181	5.644050273
Homo_sapiens_tRNA-Ile-TAT-2-1	22.24895507	22.66781187	30.80468548	25.76939541	27.70715589
Homo_sapiens_tRNA-Ile-TAT-3-1	0.255735116	0	3.354965746	1.908844104	0.513095479
Homo_sapiens_tRNA-Ile-AAT-9-1	0.255735116	0	0.304996886	0.477211026	0
Homo_sapiens_tRNA-Ile-GAT-1-1	1.022940463	0.824284068	5.794940834	0.954422052	0.513095479
Homo_sapiens_tRNA-iMet-CAT-1-1	13102.58865	15846.03692	13178.61045	15638.20532	15229.70002
Homo_sapiens_tRNA-iMet-CAT-2-1	9.717934397	10.30355085	17.99481627	23.38334028	14.36667342
Homo_sapiens_tRNA-Leu-AAG-1-1	453.162625	280.6687252	269.0072534	241.9459902	261.6786945
Homo_sapiens_tRNA-Leu-AAG-2-1	9944.515709	7436.690862	10195.7409	7388.658316	7656.410743
Homo_sapiens_tRNA-Leu-AAG-3-1	13.80969625	10.71569288	10.9798879	8.112587443	15.39286438
Homo_sapiens_tRNA-Leu-CAA-1-1	840.6013253	698.5807477	852.1612994	669.0498585	739.3705858
Homo_sapiens_tRNA-Leu-CAA-2-1	104.8513974	72.53699799	104.0039381	113.5762242	108.2631461
Homo_sapiens_tRNA-Leu-CAA-3-1	13.0424909	8.654982715	7.319925264	10.02143155	11.28810055
Homo_sapiens_tRNA-Leu-CAA-4-1	1810.604619	1769.325752	1830.286313	1892.618929	1891.783032
Homo_sapiens_tRNA-Leu-CAA-6-1	0.767205347	0	0	0	0
Homo_sapiens_tRNA-Leu-CAG-1-1	1943.842614	1559.133315	2172.187822	1938.908399	2117.545043
Homo_sapiens_tRNA-Leu-CAG-2-1	2232.311825	1864.530562	2133.453217	1748.501199	1885.112791
Homo_sapiens_tRNA-Leu-TAA-1-1	266.7317257	335.0714737	262.2973219	285.3721936	287.3334684
Homo_sapiens_tRNA-Leu-TAA-2-1	28.13086273	31.32279459	20.43479136	25.76939541	48.74407054
Homo_sapiens_tRNA-Leu-TAA-3-1	120.1955044	152.4925526	97.9040004	116.4394904	123.6560105
Homo_sapiens_tRNA-Leu-TAA-4-1	24.03910088	21.43138577	18.60481004	10.9758536	16.93215082
Homo_sapiens_tRNA-Leu-TAG-1-1	2220.292275	1591.692535	2041.649155	1458.356896	1592.648368
Homo_sapiens_tRNA-Leu-TAG-2-1	549.3190285	361.4485638	400.1559144	381.7688208	345.3132576
Homo_sapiens_tRNA-Leu-TAG-3-1	1900.879115	1435.902847	1811.681503	1329.032708	1343.283965
Homo_sapiens_tRNA-Leu-AAG-4-1	0.511470231	0.824284068	0	0	0.513095479
Homo_sapiens_tRNA-Lys-CTT-1-1	84521.73442	74452.22202	78878.90465	70836.7275	70776.39042
Homo_sapiens_tRNA-Lys-CTT-10-1	0	0	0	0.477211026	0
Homo_sapiens_tRNA-Lys-CTT-2-1	120713.8795	104611.5396	112500.8464	105517.5616	103573.4535
Homo_sapiens_tRNA-Lys-CTT-3-1	30.43247877	16.8978234	21.95977579	26.24660643	31.29882424
Homo_sapiens_tRNA-Lys-CTT-4-1	6563.441745	5085.420558	3554.433709	3921.243001	3664.014818
Homo_sapiens_tRNA-Lys-CTT-5-1	47.82246664	52.34203832	9.454903465	21.47449617	11.80119603
Homo_sapiens_tRNA-Lys-CTT-9-1	3.836026736	0.824284068	2.439975088	1.908844104	0.513095479
Homo_sapiens_tRNA-Lys-TTT-1-1	52.42569872	29.26208442	16.16483496	15.74796386	13.85357794
Homo_sapiens_tRNA-Lys-TTT-2-1	15.08837183	13.18854509	13.41986298	19.08844104	16.41905534
Homo_sapiens_tRNA-Lys-TTT-3-1	8188.638405	8242.016397	7640.476991	7753.24754	6967.323514
Homo_sapiens_tRNA-Lys-TTT-4-1	249.5974729	226.6781187	165.6133091	185.1578781	167.7822218
Homo_sapiens_tRNA-Lys-TTT-5-1	0.767205347	0	0.914990658	2.863266156	1.026190959
Homo_sapiens_tRNA-Lys-TTT-6-1	83.36964772	78.7191285	62.21936474	78.26260827	62.59764848
Homo_sapiens_tRNA-Lys-TTT-7-1	36.05865131	24.72852204	34.46464812	31.49592772	30.27263328
Homo_sapiens_tRNA-Lys-CTT-8-1	0.255735116	0	0	0.477211026	0
Homo_sapiens_tRNA-Lys-TTT-11-1	0.255735116	1.648568136	0	0	0
Homo_sapiens_tRNA-Met-CAT-1-1	3375.192057	2753.520929	3802.396178	2971.593059	2959.534725
Homo_sapiens_tRNA-Met-CAT-2-1	74.16318355	60.584879	39.34459829	37.22246003	30.27263328
Homo_sapiens_tRNA-Met-CAT-3-1	750.8382997	943.3931159	594.4389308	686.7066665	640.3431583
Homo_sapiens_tRNA-Met-CAT-4-1	393.0648728	350.3207289	334.276587	309.7099559	316.5799108
Homo_sapiens_tRNA-Met-CAT-5-1	0.255735116	0	0	0	0
Homo_sapiens_tRNA-Met-CAT-6-1	23.78336576	25.14066408	17.68981939	20.99728515	11.28810055
Homo_sapiens_tRNA-Met-CAT-7-1	0.767205347	4.12142034	0.304996886	0	0
Homo_sapiens_tRNA-Phe-GAA-1-1	90.78596608	109.217639	58.55940211	91.14730598	77.99051286
Homo_sapiens_tRNA-Phe-GAA-2-1	5.37043743	12.77640306	6.09993772	9.067009495	4.104763835
Homo_sapiens_tRNA-Phe-GAA-3-1	54.21584453	53.16632239	30.4996886	25.29218438	35.91668356
Homo_sapiens_tRNA-Phe-GAA-4-1	0	1.648568136	0	3.340477182	0
Homo_sapiens_tRNA-Pro-AGG-1-1	20.97027949	22.66781187	21.04478513	25.76939541	23.08929657
Homo_sapiens_tRNA-Pro-AGG-2-1	56.00599034	67.17915155	42.08957027	49.62994671	59.00598013
Homo_sapiens_tRNA-Pro-CGG-1-1	205.3552979	210.6045794	208.9228669	246.2408894	271.9406041
Homo_sapiens_tRNA-Pro-CGG-2-1	20.97027949	32.97136272	26.83972597	37.69967106	43.61311575
Homo_sapiens_tRNA-Pro-TGG-1-1	69.81568659	82.84054884	107.3589039	112.1445911	91.84409081
Homo_sapiens_tRNA-Pro-TGG-2-1	162.1360634	178.0453587	142.1285489	182.771823	187.7929455
Homo_sapiens_tRNA-Pro-TGG-3-1	306.6264037	345.3750245	297.3719638	301.5973685	305.8049057
Homo_sapiens_tRNA-SeC-TCA-1-1	360.5865131	345.3750245	406.2558521	419.9457029	416.6335293
Homo_sapiens_tRNA-Ser-AGA-1-1	9.973669512	7.830698647	10.36989412	6.203743339	9.748814108
Homo_sapiens_tRNA-Ser-AGA-2-1	18.15719322	23.90423797	15.2498443	17.17959694	16.93215082
Homo_sapiens_tRNA-Ser-AGA-3-1	0.255735116	0.412142034	0.304996886	0.954422052	1.026190959
Homo_sapiens_tRNA-Ser-AGA-4-1	3.836026736	2.06071017	1.52498443	2.863266156	1.539286438
Homo_sapiens_tRNA-Ser-CGA-1-1	168.017971	155.7896889	131.4536579	147.4582071	109.8024326
Homo_sapiens_tRNA-Ser-CGA-2-1	5.881907661	4.945704408	2.134978202	2.863266156	0.513095479
Homo_sapiens_tRNA-Ser-CGA-3-1	34.52424062	22.25566984	31.41467926	33.40477182	32.83811068
Homo_sapiens_tRNA-Ser-CGA-4-1	268.7776066	189.5853357	229.6626551	182.294612	212.9346239
Homo_sapiens_tRNA-Ser-GCT-2-1	20.20307414	27.20137425	21.6547789	14.79354181	7.183336711
Homo_sapiens_tRNA-Ser-GCT-3-1	1133.929503	895.58464	1062.609151	848.4812043	875.8539833
Homo_sapiens_tRNA-Ser-GCT-4-1	30.943949	39.56563527	36.59962632	29.10987259	30.78572876
Homo_sapiens_tRNA-Ser-GCT-5-1	18.15719322	20.6071017	12.50487233	16.70238591	13.34048246
Homo_sapiens_tRNA-Ser-GCT-6-1	0.767205347	1.648568136	1.219987544	0	0.513095479
Homo_sapiens_tRNA-Ser-TGA-1-1	220.6994049	184.2274892	218.3777704	200.905842	214.9870059
Homo_sapiens_tRNA-Ser-TGA-2-1	17.38998787	11.95211899	18.90980693	15.27075283	24.62858301
Homo_sapiens_tRNA-Ser-TGA-3-1	8.95072905	7.006414579	5.184947062	10.49864257	8.20952767
Homo_sapiens_tRNA-Ser-TGA-4-1	14.5769016	8.242840681	14.63985053	16.70238591	17.4452463
Homo_sapiens_tRNA-Ser-GCT-1-1	1.534410694	0	0	1.908844104	0
Homo_sapiens_tRNA-Thr-AGT-1-1	103.828457	82.84054884	109.798879	89.7156729	90.81789985
Homo_sapiens_tRNA-Thr-AGT-2-1	37.84879712	35.85635696	34.15965123	24.81497335	41.56073383
Homo_sapiens_tRNA-Thr-AGT-3-1	8.183523703	5.769988477	9.454903465	3.817688208	3.078572876
Homo_sapiens_tRNA-Thr-AGT-4-1	6.393377893	6.594272545	8.539912807	7.158165391	8.722623149
Homo_sapiens_tRNA-Thr-AGT-5-1	17.64572298	15.24925526	14.94484741	13.83911976	11.80119603
Homo_sapiens_tRNA-Thr-AGT-6-1	274.4037792	252.6430669	353.4913909	311.141589	260.6525035
Homo_sapiens_tRNA-Thr-CGT-1-1	4.091761851	3.297136272	2.744971974	1.908844104	3.591668356
Homo_sapiens_tRNA-Thr-CGT-2-1	780.247838	701.877884	753.3423084	676.6852349	706.0193796
Homo_sapiens_tRNA-Thr-CGT-3-1	114.3135967	112.9269173	88.14410005	94.96499419	106.2107642
Homo_sapiens_tRNA-Thr-CGT-4-1	1563.820233	1332.043054	1647.288181	1514.190586	1479.254267
Homo_sapiens_tRNA-Thr-CGT-5-1	0	0	0	0	1.539286438
Homo_sapiens_tRNA-Thr-TGT-1-1	3.836026736	8.654982715	3.659962632	0.477211026	9.748814108
Homo_sapiens_tRNA-Thr-TGT-2-1	1159.247279	1049.725761	1072.064054	990.6900901	1000.023089
Homo_sapiens_tRNA-Thr-TGT-3-1	79.27788587	70.47628782	87.83910316	85.89798469	64.13693492
Homo_sapiens_tRNA-Thr-TGT-4-1	480.0148122	477.2604754	558.4492982	474.8249709	437.1573484
Homo_sapiens_tRNA-Thr-TGT-5-1	252.4105592	235.3331014	244.3025057	216.6538058	218.0655787
Homo_sapiens_tRNA-Thr-TGT-6-1	18.41292833	14.01282916	13.41986298	12.8846977	14.36667342
Homo_sapiens_tRNA-Trp-CCA-1-1	28.64233296	32.14707865	23.48476022	28.15545054	32.3250152
Homo_sapiens_tRNA-Trp-CCA-2-1	192.312807	165.2689556	174.4582188	165.115015	153.4155483
Homo_sapiens_tRNA-Trp-CCA-3-1	14.06543136	13.18854509	7.319925264	7.158165391	7.183336711
Homo_sapiens_tRNA-Trp-CCA-4-1	46.03232083	35.03207289	41.78457338	40.56293721	37.45596999
Homo_sapiens_tRNA-Trp-CCA-5-1	0	0	0	0	0
Homo_sapiens_tRNA-Tyr-GTA-1-1	13.0424909	16.07353933	10.9798879	10.49864257	10.77500507
Homo_sapiens_tRNA-Tyr-GTA-2-1	212.260146	239.8666638	186.3530973	186.5895112	168.2953172
Homo_sapiens_tRNA-Tyr-GTA-3-1	6.137642777	2.06071017	2.439975088	3.340477182	0.513095479
Homo_sapiens_tRNA-Tyr-GTA-4-1	22.24895507	28.02565831	10.36989412	12.40748668	8.20952767
Homo_sapiens_tRNA-Tyr-GTA-5-1	462.3690892	477.6726174	210.1428544	230.9701366	204.2120008
Homo_sapiens_tRNA-Tyr-GTA-6-1	0	1.236426102	0.609993772	0.477211026	0.513095479
Homo_sapiens_tRNA-Tyr-GTA-7-1	0	0	0.304996886	0	0
Homo_sapiens_tRNA-Tyr-GTA-8-1	0	0	1.219987544	0	0
Homo_sapiens_tRNA-Val-AAC-1-1	1531.086138	1709.153015	1535.049327	1477.445337	1507.987614
Homo_sapiens_tRNA-Val-AAC-2-1	5979.854211	5996.666595	5995.323788	6248.123964	5957.551611
Homo_sapiens_tRNA-Val-AAC-3-1	213.5388216	207.3074431	235.1525991	236.6966689	228.8405838
Homo_sapiens_tRNA-Val-AAC-4-1	0.767205347	1.236426102	0.914990658	0.954422052	2.052381917
Homo_sapiens_tRNA-Val-AAC-5-1	2.813086273	2.472852204	1.219987544	2.38605513	1.026190959
Homo_sapiens_tRNA-Val-AAC-6-1	25.82924669	35.44421493	14.33485364	19.56565207	10.26190959
Homo_sapiens_tRNA-Val-CAC-1-1	10201.78524	10451.50984	9876.409162	10469.05549	10451.75491
Homo_sapiens_tRNA-Val-CAC-14-1	10.22940463	11.12783492	2.744971974	8.589798469	7.696432191
Homo_sapiens_tRNA-Val-CAC-2-1	3082.631085	2793.498707	3072.843626	2845.132137	2742.495337
Homo_sapiens_tRNA-Val-CAC-3-1	1556.659649	1695.140186	1470.694984	1541.391614	1585.978127
Homo_sapiens_tRNA-Val-CAC-4-1	997.6226864	966.4730698	519.4096968	650.9158395	634.699108
Homo_sapiens_tRNA-Val-CAC-5-1	10183.62804	10368.66929	9873.66419	10339.7313	10231.12386
Homo_sapiens_tRNA-Val-CAC-6-1	0	0.824284068	0.304996886	0	0
Homo_sapiens_tRNA-Val-TAC-1-1	9626.381225	8258.91422	8308.420171	7181.548731	7031.460449
Homo_sapiens_tRNA-Val-TAC-2-1	2969.596164	2795.971559	2349.391013	2095.910826	2108.309325
Homo_sapiens_tRNA-Val-TAC-3-1	189.7554559	155.3775468	70.75927755	102.6003706	107.2369552
Homo_sapiens_tRNA-Val-TAC-4-1	67.25833543	76.2462763	138.7735831	140.7772527	129.3000608
